100
1 [69,99,61,23,65]
2 [70,40,62,32,63]
3 [26,56,46,12,16]
4 [40,51,44,41,91]
5 [21,31,75,23,93]
6 [59,35,60,10,21]
7 [46,94,57,96,56]
8 [22,14,70,65,44]
9 [36,42,19,54,16]
10 [13,27,41,95,80]
11 [77,22,49,89,35]
12 [50,86,38,60,83]
13 [30,72,92,98,70]
14 [47,65,82,73,66]
15 [63,27,72,65,60]
16 [29,63,99,58,54]
17 [62,22,59,81,52]
18 [68,57,25,83,27]
19 [71,66,55,49,44]
20 [57,44,82,66]
21 [68,79,59,36]
22 [94,62,57,56]
23 [73,96,66,29]
24 [39,47,28,70]
25 [85,53,55,73]
26 [63,32,62,86]
27 [71,48,64,32]
28 [60,74,88,92]
29 [89,100,64,47]
30 [68,61,55,75]
31 [84,41,98,32]
32 [56,64,38,42]
33 [76,34,63,48]
34 [83,78,59,43]
35 [57,73,61,67]
36 [71,48,75]
37 [63,76,46]
38 [72,75,95]
39 [73,50,66]
40 [60,53,62]
41 [66,62,91]
42 [95,48,64]
43 [65,83,52]
44 [68,64,45]
45 [49,53,98]
46 [56,82]
47 [78,79]
48 [65,95]
49 [77,86]
50 [53,63]
51 [90,97]
52 [69,78]
53 [96,93]
54 [74,67]
55 [85,79]
56 [98,81]
57 [78,86]
58 [98,76]
59 [80,89]
60 [97,87]
61 [84,91]
62 [66,76]
63 [96]
64 [72]
65 [72]
66 [95]
67 [93]
68 [89]
69 [82]
70 [79]
71 [90]
72 [93]
73 [100]
74 [87]
75 [89]
76 [94]
77 [98]
78 [93]
79 [87]
80 [96]
81 [93]
82 [97]
83 [98]
84 [89]
85 [86]
86 []
87 []
88 []
89 []
90 []
91 []
92 []
93 []
94 []
95 []
96 []
97 []
98 []
99 []
100 []
