100
1 [75,35]
2 [85,28]
3 [36,96,32,99,52]
4 [63]
5 [70,91,44,61]
6 [35,22,52,28]
7 [46,79,96,97]
8 [26,80]
9 [29,26,85]
10 []
11 [12,55,2]
12 [33,88,23,20,70]
13 [54,39,53,27,100]
14 [94,31,65]
15 [35,55]
16 [75]
17 [61,58,78,94]
18 [50]
19 [57,85,38,96,35]
20 [43,10,48,70,51]
21 [41,62,74,52,82]
22 []
23 [40,85,6,74]
24 [35,30]
25 [78,98]
26 [62,61,31,89,17]
27 [20,86]
28 [32,86,70]
29 [60,59,79,39,80]
30 [19,61]
31 [88,7,21]
32 [84,38]
33 []
34 []
35 [22,82,74,56]
36 [40,91,70,11,90]
37 []
38 [11]
39 [77]
40 [10,54,88,36,86]
41 [61]
42 []
43 [71,99,4,91]
44 [56,95,33]
45 [91,3]
46 [91,5,39,48]
47 [71]
48 [90,39,97,21,22]
49 [32,4,20]
50 [93,60,25,69]
51 [53,24,12,16]
52 [20,46,77,54]
53 [92,34,32,57,33]
54 [81]
55 [53,35,80,63,29]
56 [34,66,6]
57 [10,88,84]
58 []
59 []
60 [53,88,6]
61 [13,44,55]
62 []
63 []
64 [23,47,58,30]
65 [23,96,7,24,98]
66 []
67 []
68 [62,20,76,28]
69 [38]
70 [23,67]
71 [12,23,82,92,68]
72 [56,40,82,18]
73 [99,57,95,47,53]
74 [65,63,39,71,67]
75 []
76 [14,15,50,19]
77 [4]
78 []
79 [88,2,14,46]
80 [95,14,85,40,29]
81 [60,91]
82 [87]
83 [51,36,22,98]
84 [9]
85 [71,3,95,65]
86 [34,72]
87 []
88 []
89 [25,82,54,44]
90 [82,87,92]
91 [85,20]
92 [11]
93 [20,61]
94 [68]
95 [46]
96 [14,99,34]
97 []
98 []
99 [27,74,3]
100 [64]
