0.0379319
0.0154033
0.00661314
0.13053
0.138416
0.00491916
0.0426229
0.0451395
0.014088
0.00579146
0.0143783
0.13346
0.00585993
0.00591384
0.134366
0.00656846
0.00615329
0.0178157
0.0158825
0.0062094
0.128304
0.00446193
0.00582407
0.00563286
0.0065514
0.0056921
0.00585867
0.0487507
0.0473519
0.00603526
0.00657538
0.00750251
0.0491959
0.0377012
0.0156341
0.14137
0.0161944
0.0163109
0.00480121
0.0076572
0.0477084
0.0458545
0.00578491
0.0449868
0.0304882
0.0469526
0.134555
0.0448281
0.0162892
0.0185812
0.0431952
0.00684622
0.005071
0.00654159
0.00571619
0.0046169
0.00661455
0.0178158
0.00438767
0.1196
0.121022
0.0466895
0.0155166
0.0120236
0.0171117
0.039027
0.12936
0.0163362
0.0147145
0.00607263
0.0170248
0.0468431
0.0176742
0.0475264
0.0431329
0.0147191
0.0152778
0.0156999
0.00702008
0.0446255
0.0473438
0.0161317
0.00511387
0.0180008
0.0172013
0.0183038
0.0140942
0.017743
0.0159999
0.0466778
0.129926
0.0172664
0.0186679
0.00682581
0.0164009
0.972286
0.00388014
0.0302259
0.00435857
0.049363
0.0152599
0.00876798
0.0168394
0.0471417
