0.024622
0.0149214
0.00542955
0.13053
0.116601
0.00395538
0.0346958
0.0451395
0.0109971
0.00579146
0.0113092
0.13346
0.00380702
0.00591384
0.134366
0.00656846
0.00506867
0.0178157
0.0158825
0.0051349
0.128304
0.0034747
0.004802
0.00458897
0.0065514
0.00447689
0.00483824
0.0487507
0.0473519
0.00603526
0.00657538
0.00628148
0.0491959
0.0300295
0.0126042
0.14137
0.0130573
0.0163109
0.00388952
0.00668086
0.0477084
0.0458545
0.0037845
0.0364961
0.0188747
0.0469526
0.134555
0.0448281
0.0134774
0.0159795
0.0431952
0.00578519
0.00339872
0.00455331
0.00467147
0.00301699
0.00661455
0.0178158
0.00285589
0.1196
0.121022
0.0466895
0.0151038
0.0078272
0.0171117
0.0315027
0.12936
0.0163362
0.0114856
0.00607263
0.0170248
0.0468431
0.0176742
0.0475264
0.0357878
0.0116752
0.0121561
0.0128453
0.00600548
0.0446255
0.0473438
0.0135834
0.00328151
0.0180008
0.0172013
0.015218
0.0111287
0.0147038
0.0130905
0.0466778
0.129926
0.0172664
0.0186679
0.0055395
0.0135148
0.971616
0.0029737
0.0224149
0.00282269
0.041425
0.0122546
0.00771398
0.0168394
0.0471417
