0.120989
0.0305313
0.0113475
0.13053
0.225678
0.00877429
0.0743314
0.0451395
0.0264516
0.00579146
0.0266544
0.13346
0.0184878
0.00591384
0.134366
0.00656846
0.0104918
0.0178157
0.0158825
0.0105074
0.128304
0.00841085
0.00991235
0.00980841
0.0065514
0.0105529
0.0099404
0.0487507
0.0473519
0.00603526
0.00657538
0.0123866
0.0491959
0.0683881
0.0277536
0.14137
0.0287431
0.0163109
0.008448
0.0115626
0.0477084
0.0458545
0.0180391
0.0789498
0.10512
0.0469526
0.134555
0.0448281
0.0275364
0.028988
0.0431952
0.0110903
0.0151026
0.0181577
0.00989506
0.01444
0.00661455
0.0178158
0.0137799
0.1196
0.121022
0.0466895
0.0282454
0.0381585
0.0171117
0.0691243
0.12936
0.0163362
0.02763
0.00607263
0.0170248
0.0468431
0.0176742
0.0475264
0.072513
0.0268947
0.0277643
0.0271179
0.0110785
0.0446255
0.0473438
0.0263248
0.0164578
0.0180008
0.0172013
0.030647
0.0259561
0.0298996
0.0276373
0.0466778
0.129926
0.0172664
0.0186679
0.0119711
0.0279455
1.07617
0.0075059
0.0614696
0.0139239
0.081115
0.0272807
0.012984
0.0168394
0.0471417
