19358.2
1.954e+006
726241
1044.24
1805.42
561555
11893
7222.32
84645.2
370654
85294.1
1067.68
1.18322e+006
378486
1074.93
420382
671473
57010.1
50824
672474
1026.43
538295
634390
627738
419290
675387
636186
7800.11
7576.3
386257
420824
792744
7871.35
10942.1
88811.6
1130.96
91978.1
52194.9
540672
740006
7633.35
7336.72
1.1545e+006
12632
16819.2
7512.41
1076.44
7172.5
88116.5
92761.5
6911.23
709779
966564
1.1621e+006
633284
924158
423331
57010.4
881916
956.801
968.176
7470.33
1.80771e+006
122107
54757.5
11059.9
1034.88
52275.7
88416.1
388649
54479.3
7494.9
56557.5
7604.22
11602.1
86063
88845.7
86777.4
709025
7140.08
7575
84239.5
1.0533e+006
57602.5
55044
98070.5
83059.6
95678.7
88439.5
7468.45
1039.41
55252.6
59737.4
766149
89425.5
6.88747e+007
480378
9835.13
891132
12978.4
87298.4
830975
53886.2
7542.67
