200
1 [88,163,8,127,159,143,94,35,123,126,191,78,24,56,97,152,95,181,120,151,119,73,142,18,179,45,49,92,188,61,43,82,19,176,111,121,101,108,145,196,190,186,39,10,62,93,148,192,124,75,17,44,96,80,177,41,76,154,116,106,58,9,136,28,180,110,107,50,13,118,114,66,6,166,91,5,113,175,104,149,189,54,155,57,48,86,55,130,185,26,2,47,150]
2 [200,96,7,55,159,81,102,90,184,20,194,86,43,73,82,89,124,3,127,80,116,69,5,115,183,104,37,131,87,118,45,109,58,62,157,125,147,35,70,165,49,26,97,33,175,199,63,75,91,122,197,142,74,64,83,15,144,149,135,36,173,48,155,27,156,57,130,136,179,42,169,119,192,106,190,92,185,31,94,10,99,176,40,50,129,138,77,187]
3 [178,8,24,64,161,103,9,114,32,39,36,33,129,14,71,19,87,111,86,154,73,167,164,38,81,48,93,153,98,45,158,97,58,55,80,59,159,7,43,131,174,42,101,181,127,85,18,162,133,60,105,152,23,54,199,112,99,21,184,84,115,35,88,192,170,4,117,144,91,140,177,70,65,77,11,139,166,128,66,157,29,41,176,6,190,125,52,130,15,198,68,171,17,180,27,187,95,2,163,28]
4 [23,170,200,93,67,160,14,143,13,199,22,196,182,39,158,29,164,145,25,166,24,114,141,77,171,80,9,97,176,165,193,189,57,26,186,168,41,72,44,91,177,151,68,94,149,27,60,162,64,111,43,76,185,150,36,115,20,184,7,130,106,92,11,49,58,107,102,21,5,85,167,62,123,28,156]
5 [174,172,196,160,18,185,39,6,107,191,129,146,52,173,37,187,147,148,168,145,189,72,19,122,34,200,120,86,164,192,118,137,125,93,142,140,195,9,98,133,96,30,89,70,194,43,53,32,161,144,126,177,87,41,62,48,61,112,128,130,158,100,14,176,149,114,99,152,82]
6 [185,179,140,112,150,172,90,72,107,34,57,190,120,44,182,129,89,178,54,53,165,151,8,27,58,198,111,62,155,65,59,156,134,3,183,69,83,146,68,167,36,37,97,131,43,42,87,70,119,39,73,76,28,166,19,139,196,18,186,157]
7 [28,160,146,189,187,5,171,22,16]
8 [83,17,197,15,176,175,34,68,109,43,134,45,59,5,165,194,103,70,25,107,188,150,31,172,97,65,196]
9 [197,26,140,39,142,57,103,47,147,77,121,22,123,188,192,154,99,167,118,13,48,129,61,105,91,30,59]
10 [111,38,113]
11 [5,51,39,63,196,92,128,130,182,103,56,13,123,200,166,104,142,37,57,64,141,77,146,53,58,80,35,89]
12 [88,133,104,19,109,142,174,84,22,11,144,40,63,30,80,87,198,169,165,137,179,106,60,175,24,58,71,192,163,158,115]
13 [108,122,145,113,101,100,181,105,183,185,152,33,103,80,66,114,191,149,23,93,171,95,6,32,195,11,127,40,15,55,21]
14 [196,176,9,62,146,4,155,53,2,181,143,200,41,102,18,171,113,31,65,131,199]
15 [106,104,195,103,34,130,61,189,47,50,41,113,89,153,132,168,133,13,180,108,36,38,53,58,78,99,141,170,126,123,162,194,79,82,39,140,107,154,59,124,169,125,92,7,20,111,42,94,45,66,142,83,43,64,186,152,52,16,117,77,112,72,146,138,9,172,87]
16 [149,88,9,19,91,100,65,193,119,165,115,167,143,174,116,126,182,184,140,161,48,63,127,158,173,121,32,41,8,61,200,80,53,179,67,93,78,190,76,54,159,187,148,14,17,129,86,195,52,59,11,6,183,15,73,35,177,26,38,155,22,101,27,152,160,137,70,21,85,83,164,132,18,39,109,189,81,74,45,197,192,188,163,168,44,84,171,7,10]
17 [144,37,55,32,23,155,119,120,81,159,112,31,183,186,158,26,138,83,164,28,197,111,27,190,126,51]
18 [129,61,46,125,65,19,166,172,48,131,150,147,176,60,196,67,2,117,77,5,41,99,71,144,177,133,98,165,161,168,157,39,102,191,170,193,184,7,106,88,25,178,53,139,95,121,16,24,142,104,195,91,109,35,185,21,44,194,9,49,57,33,136,17,38,167,97,162,27]
19 [117,94,15,37,102,42,72,133,139,163,116,136,157,193,174,61,62,4,199,3,79,103,77,29,153,47,152,6,105,26,58,48,141,38,50,45,146,178,95,52,84,194,49,121,169,172,7,147,99,188,43,18,137,107,191,74,130,83,168,89,184,125,35,185,151,85,39,97,155,78,41,106,36,8,154,34,16]
20 [48,73,78,15,16,13,148,114,37,43,130,64,145,38,172,146,126,158,161,141,162,129,49,61,57]
21 [35,8,90,47,5,15,139,110,175,37,87,32,67,72,123,194,91,50,51,136,103,177,114,172,127,130,199,180,134,84,160,188,197,59,176,98,61,171,74,48,131,88,89,116,26,83,56,135,182,184,179,145,41,24,65,42,170,155,53,195,30,68,148,34,20,140,183,138,159,166,97,43,14,95,58,129,28,132,186,117,55,141,157,143,69,39,133,112,151,60,81,63]
22 [138,150,104,134,54,151,139,37,144,58,28,143,157,68,155,129,112,15,149,164,6,7,72,181,48,197,4,90,135]
23 [20,18,99,186,132,12,109,128,19,101,167,117,29,68,185,154,121,67,16,157,193,107,78,125,136,165,159,161,113,27,17,76,24,88,31,174,138,28,197,87,142,64,69,75,33,150,48,139,119,148,141,178,122,104,147,168,100,146,111,49,89,45,82,9,84,85,112,13,63,59,129,34,58,171,152,46,169,189,196,151,83,179,162,60,79,62,103,144,124,91,191,166,143]
24 [181,68,10,12,166]
25 [189,92,78,176,197,99,198,125,59,2,61]
26 [46,35,33,137,117,4,60,111,188,142,66,158,8,93,18,105,165,121,172,87,157,5,54,80,29,123,82,85,167,14,115,119,154,100,118,175,27,57,179,31,168,166,177,7]
27 []
28 [33,148,190,170,39,64,121,76,81,126,24,105,5,66,116,49,199,45,16,62,72,166,113,107,35,136,181,150,29,84,171,134,3,129,137,87,154,200,34,51,162,173,160,114,147,52,118,31,131,43,191,123,102,19,54,177,46,172,20,79,23,195,99,159,93,194,88,185,115,135,77,63,175,178,78,188,186,4,122]
29 [147,133,112,87,193,111,58,170]
30 [154,196,102,16,20,162,63,99,69,135,158,148,119,164,51,187,41,80,91,14,194,147,195,103,73,155,157,97,4,83,32,177,88,40,120,160,146,12,180,115,173,171,188]
31 [96,171,118,79,184,192,16,187,15,183,8,87,104,199,95,54,23,141,110,149,88,125]
32 [46,41,69,100,29,89,25,81,116,188,99,160,30,193,7,47,138,182,71,80,86,127,12,84,22,159,123,199,102,177,83,120,185,192,37,8,111,140,196,40,61,90,59,96,88,73,130,26,16,133,44,114,72,77,67,158,19,156,154,198,115,6,165,18,148,53,167,172,180,181,4,179,48,74,143,24,169,15,35,97,82]
33 [144,128,45,15,157,163,133,60,71,16,141,174,180,149,98,177,8,6,140,18,198,194,103,17,161,115,197,57]
34 [86,161,177,108,7,169,101,68,57,180,4,96,69,152,112,42,170,28,129,85,162,31,18,102,10,149,157,194,77,74,186,132,14,64,59,164,125,12,147,97,148,82,41,199,109,128,21,83]
35 [64,80,125,89,57,178,86,53,167,2,97,115,23,43,196,156,199,142,170,127,66,114,187]
36 [58,84,110,117,124,48,12,132,136,160,137,30,75,198,113,163,154,73,112,168,148,2,119,4,126,9,86,15,20,44,94,178,83,81,63,69,152,65,156,64,13,149,68,14,107,97,183,125,66,134,104,78,199,147,90,111,57,25,52,142,105,74,8,33,91,172,50,197,191,42,45,140,39,144,167,193,60,3,56,37,114,179,77]
37 [68,161,35,38,57,120,95,164,72,31,130,156,26,76,112,3,100,23,33,51,89,116,160,74,90,159,154,88,13,196,123,119,34,171,82,172,83,129,138,69,36,109,50,75,11,150,86,181]
38 [122,3,91,166,16,87,116,25,139,124,131,35,5,99,42,2,52,115,30,88,127,181,105,156,20,15,129,19,183,132,101,111,56,112,190,75,11,138,85,68,100,31,40,175,196,172,43,179,57,152]
39 [199,20,82,103,154,27,13,160,61,76,44,67,174,47,120,62,26]
40 [80,22,174,53,18,120,95,156,148,186,84,126,25,175,105,90,79,34,136,48,89,135,182,106,184,196,141,191,54,122,13,162,4,134,3,12,101,10,92,49,110,180,16,199,94,8,146,185,45,68,30,63,36,43,166,192,82,42,26,71,60,193,195,140,103,102,5,165,6,73,14,59,104,158,197,31,15,176,179,177,139,91,65,55,121,2,41,37,187,111,28,21,27,178,130,115,149,118,153,74]
41 [22,87,11,122,185,141,45,68,5,189,90,30,33,184,21]
42 [44,189,138,171,79,86,177,107,61,35,50,136,48,113,146,183,141,132,150,23,82,49,89,4,164,59,39,62,10,143,64,16,33,137,190,187,29,139,162,93,170,147,111,155,87,90,3,128,193,53,115,28,165,149,78,68,21,188,157,19,130,24,6,160,148,92,25,197]
43 [150,57,200,97,5,140,190,83,110,144,166,95,27,134,152,58,80,174,128,173,141,106,72,115,132,191,136,67,60,172,109,162,82,77,122,53,137,84,175,86,7,189,126,145,168,6,94,66,113,38,52]
44 [35,143,197,174,153,91,5,28,130,173,89,73,15,122,172,36,147,131,19,185,52,109,58,65,99,100,24,40,56,160,144,132,81,154,49,118,120,39,129,159,87,103,37,157,20,102,167,105,25,84,186,70,41,179,78,114,11,14,46,18,187,27,192,125,195,61,33,29,30,94,152,26,128,155,8,93,7,97,98,101,54,182,138,62,158,137,57,116,17,121,48,34,200,10,119,64,23,175,86]
45 [129,182,116,143,194,119,97,165,12,54,127,180,79,112,69,58,156,110,47,103,93,155,190,191,131,113,30,22,16,94,13,124,120,159,51,7,140,96,105,2,173,95,117,15,24,46,80,99,186,123,66,162,77,101,71,74,89,121,111,91,171,195,122,78]
46 [134,42,106,130,61,105,65,34,116,22,161,32,133,198,104,45,145,91,149,98,20,28,44,191,57,100,26,19,92,53,123,23,178,80,151,196,25,58,113,142,195,11,150,118,143,85,124,68,55,199,94,180,169,102,173,18,78,47,7,138,63,139,66,12,62,48,93,187,114,189,148,24,41,76,141,97,179,140,79,193,17,88,144,146,89,129,194,40,184]
47 [80,143,156,191,130,111,34,13,134,125]
48 [27]
49 [143,30,124,23,200,16,22,192,164,96,54,74,26,50,2,87,140,170,52,11,61,162,94,63,110,167,103,154,184,57,37,130,148,127,91,95,86,172,159,29,69,138,149,194,126,197,189,123,108,122,24,121,55,135,10,77,14,168,191,111,20,134,136,142,128,85,182,46]
50 [96,185,91,17,157,163,83,44,92,65,35,147,84,52,124,108,93,7,179,99,153,122,162,198,61,8,174,37,5,184,34,109,148,176,172,160,168,53,25,30,89,131,39,134,80,125,51,103,43,56,106,82,139,200,67,102,117,63,20,132,110,186,46,22,115,136,170,150,29,164,129,73,199,4,135,66,10,72,197]
51 [190,151,3,168,56,185,103,172,61,44,16,72,18,127,2,19,38,183,119,22,41,164,59,91,156,184,198,161,153]
52 [193,58,119,54,166,37,142,162,151,14,127,42,120,83,130,154,91,25,199,164,97,87,79,55,95,36,122,98,153,167,107,17,191,50,90,77,71,131,186,125,101,30,11,181,59,141,53,72,44,146,157,179,111,93,47,197,60,163,80,21,46,63,144,175,28,128,7,194,48,121,35,133,171,75,2,129,160,99,143,73,198,170,135,117,61,33,177,39,176,168,3,82,49]
53 [93,6,25,41,142,17,143,52,190,8,30,46,94,181,98,55,198,65,124,197,171,106,88,86,5,151,100,90,95]
54 [11,113,64,128,83,50,9,13,105,195,144,32,23,79,200,107,55,92,159,118,49,38,89,68,181,150,87,192,129,10,133,28,176,80,180,91,147,8,151,101,58,185,135,48,29,41,43,137,196,67,131,96,169,26,72,143,65,30,27,95,60,139,5]
55 [177,96,110,184,76,81,174,190,30,140,72,187,10]
56 [9,99,31,44,45,57,120,172,153,169,126,14,131,109,196,2,186,107,53]
57 [7,196,128,145,79,15,60,169,44,156,99,43,188]
58 [23,99,32,144,108,162,176,81,69,119,111,141,140,181,63,112,193,156,189,194]
59 [68,9,25,21,134,10,48,34,24,72,54,69,175,3,84,135,66,42,154,7,143,199,164,169,57,27,82,197,189,113,168,121,26,109,185,75,138,187,147,161,77,4,128,53,46,195,60,31,74,111,45,18,139,29,133,16,51,100,39,194,23,86,30,132,12,149,50,158,65,131,6,71,150,52,2,38,76,162,5,110,118,62,20,117,22,181,8,104,176,123,43]
60 [174,101,96,170,75,8,35,163,188,118,179,77,181,51,155,57,11,48,17,159,105,189,117,111,104,69,95,91,160,168,119,63,124,141,140,150,78,45,13,125,87,107,193,3,166,10,20,144,25,29,190,36,129,161,44,126,110,183,103,99,54,6,115,58,175,53,177,37,88,127,46,194,39,62,131,38,143,42,34,149,30,128,52,135,50,24,81,56,130,200,162,14,47,152]
61 [74,34,51,47,8,123,128,94,27,112,73,83,134,177,146,37,179,176,52,117,144,138,31,106,5,189,84]
62 [75,121,86,57,181,12,34,76,45,149,104,155,71,194,200,13,65,64,81,111,87,187,61,14,48,165,59,88,51,55,127,158,40,197,16,183,68,119,163,116,54,166,101]
63 [180,2,151,51,130,174,132,193,80,55,54,125,104,170,196,97,121,178,19,61,15,60,135,76,177,38,67,45,3,21,26,69,155,36,191,141,78,91,29,16,171,134,158,150,27,146,149,98,86,71,4,119,13,194,157,23,143,131,160,7,189,117,156,92]
64 [21,54,40,7,42,155,107,135,191,81,80,109,61,32,148,181,60,188,160,41,50,149,31,137,13,67,57,171,117,20,138,68,163,119,168,72,47,186,156,151]
65 [100,149,60,78,28,63,174,32,64,104,77,103,118,43,48,22,131,81,135,69,108,21,26,47,15,107,172,114,144,198,188,39,5,30,139,168,57,166,143,185,124,83,169,197,70,86,156,101,121,127,176,36,136]
66 [8,150]
67 [89,153,8,50,25,105,2,64,123,165,24,9,155,110,47,190,55,131,200,192,113,83,187,167,35,135,104,77,133,31,98,108,106,91,93,60,178,194,12,181,128,21,163,29,114,174,65,189,199,148,109,112,143,97,15,90,132,122,76,52,195,58,146,140,30,119,138,184]
68 [110,159,80,28,16,137,74,136,186,173,83,131,115,109,84,79,142,91,35,58,82,61,187,100,41,122,76,40,85,151,198,164,132,18,4,141,6,138,183,55,107,30,178,31,77,96,192,69,87,145,179,44,7,26,47,67,43,197,9,2,188,185,190,92,81,71,168,45,27,53,12,128,106,195,154,155,49]
69 [72,174,168,144,8,27,117,49,99,135,113,139,128,23,32]
70 [45,78,160,57,102,140,141,118,151,100,31,42,37,76,115,44,145,187,46,135,47,96,66,101,15,10,177,180,5,113,183,150,174,4,193,60,41,99,87,112,21,64,24,85,25,82]
71 [143,179,54,24,97,33,51,198,25,73,75,96,52,180,112,126,195,60,191,80,79,155,59,153,2,110,30,200,186,182,64,17,55,58,38,99,146,4,21,173,171,65,174,85,13,197,154,118,114,7,42,78,11,50,176,184,190,149,116,100,131,183,196,48,113,172,6,28,68,199,62,145,167,139,98,19]
72 [82,4,57,94,55,44,159,14,193,20,150,42,184,152,190,25,111,139,73,182,110,180,64,185,79,129,6,88,176,105,38,12,30,167,179,117,156,174,76,119,80,92,62,8,192,89,195,189,77,149,23,162,165,130]
73 [27,93,185,51,128,110,8,156,158,59,186,64,70,196,160,152,85,164,48,50,9,103,151,123,7,58,117,81,99,154,170,107,149,131,189,20,54,118,95,101,15,137,13,80,105,14,163,42,28,84,86,25,198,100,71,140,180,153,184,94,56,167,40,46,74,47,171,102,125,62,45,32,22,116]
74 [38,45,187,70,149,48,162,136,143,88,121,100,177,65,109,54,40,173,50,91,141,120,191,85,194,34,26,64,71,78,80,29,99,110,42,148,90,139,125,190,18,200,44,25,67,196,160,7,105,39,183,152,179,128,169,163]
75 [132,141,15,111,121,113,84,5,72,98,192,197,176,50,23,36,165,91,177,16,34,80,173,20,19,152,155,59,73,17,139,153,9,118,108,172,86,63,194,38,94,22,70,125,196,74]
76 [158,67,169,157,168,69,37,85,38,103,95,54,5]
77 [112,22,83,47,194,152,130,26,64,116,54,118,16,157,186,14,137,82,160,61,167,125,193,2,69,28,63,49,71,197,97,42,189,196,145,18,50,41,51,32,72,131,122,34,147,52,146,92,35,39,120,191,182,136,95,25,129,188,70,180,151,183,76,57,68,127,195,132,184,173,27,45,192,185,31,117,86,90,154,81]
78 [149,150,48,62,29,134,105,98,179,157,37,32,42,28,126,189,195,55,143,23,35,6,63,131,120,24,54,146,127,111,84,40,101,22,27,194,114,175,19,100,147,58]
79 [86,153,97,172,38,161,157,107,42,196,7,49,123,66,31,90,173,143,34,9,59,130,27,126,149,178,145,102,159,136,186,167,176,174,110,132,63,148,190,77,5,62,170,40,104,71,192,2,80,166,33,165,39,125,199,98,83,41,55,85,32,168,37,72,106,65,193,70,164,50,20,139,147,87,184,61,114,54,131,73,191,150,181,15,25]
80 [106,35,199,23,59,53,83,188,164,70,60,16,9,69,68,37,72,184,39,19,76]
81 [185,139,68,124,140,61,59,142,174,65,46,54,195,52,16,199,8,114,183,100,192,37,146,165,93,129,106,44,25,166,136,22,147,118,75,125,58,82,191,11,70,33,34,111,121,184,190,5,64,193,152,133,160,103,112,107,197,2,194,94,169,153,84,85,3,72,179,38,143,12,19,97,98,23,110,88,55,83,138,145,63,30,178,150,24,173,17,47,101,128,87,158,167,76]
82 [91,38,122,48,182,19,59,67,69,36,133,158,149,100,21,187,66,84,2,85,105,54,33,86,167,35,7,32,13,184,104,138,43,117,183,155,58,127,23,170,103,20,60,52,132,8,121,150,73,3,200,45,25,40,120,115,92,62,26,144,10,39,174,94,136,147,101,163,47,87,124,17,49,14,145,89,179,31,37,57,61,199,194,109]
83 [55,168,85,138,122,10,54,58,89,127,76,3,33,13,69,37,191,135,106,147,94,92,117,177,162,137,96,108]
84 [113,100,42,166,65,3,17,125,124,148,160,110,38,185,46,190,50,193,128,10,102,8,58,126,53,129,59]
85 [123,84,25,81,161,97,111,141,58,164,190,157,12,70,99,11,185,173,35,114,187,72,153,196,143,151,21,108,65,159,23,113,95,69,77,2,156,55,13,193,110,178,168,160,44,152,14,109,51,186,89,39,29,73,54,140,122,194,75,10,83,7,119,117,64,197,177,166,60,48,93,36,146,195,28,116,102,147,132,188,78,37,50,98,191,47,66,133,183]
86 [130,80,123,128,9,186,38,41,127,31,164,179,161,10,142,145,154,100,146,195,175,7,122,182,109,64,40,82,198]
87 [158,21,23,82,54,94,7,150,183,19,93,48,170,59,98,151,188,55,133,159,104,6,121,65,137,14,192,69,71,25,113,34,32,37,16,81,100,134,140,90,152]
88 [125,13,185,87,134,17,171,81,70,121,6,92,104,183,39,56,172]
89 [82,165,103,168,10,24,151,61,79,158,102,194,71,149,196,22,47,141,143,39,26,27,91,32,101,116,112,45,56,159,67,123,54,164,192,109,35,84,19,191,124,29,137,135,96,58,150,50,59,199,195,90,64,176,60,136,127,166,131,193,93,66,138,133,139,11,97,173,6,30]
90 [169,41,108,128,37,100,147,60,174,149,15,73,97,113,49,105,48,172,40,175,179,5,127,94,61,178,141,31,154,114,27,30,28,26,52,116,83,165,24,81,6,25,198,22,59,3,78,38,91,155,130,187,92,35,134,86,195,138,68,185,43,166,88,115,188,54,16,171,156,191,181,14,95,46,64,186,139,200,173,140,36,112,121,132,194,11,84,122,53,67,75,101,125,151]
91 [98,192,106,141,182,151,75,36,159,90,144,146,99,63,189,45,25,71,116,96,87,46,119,153,50,114,200,197,199,74,111,40]
92 [47,138,159,151,52,74]
93 [127,151,179,81,152,195,124,50,69,130,144,49,67,78,140,135,110,15,194,43,123,102]
94 [11,124,83,102,110,8,148,155,78,35,12,172,56,16,146,2,150,62,176,38,184,179,175,80,51,49,180,65,97,4,50,123,60,89,160,81,99,131,24,186,66,69,106,157,45,130,84,189,120,196,109,32,190,46,28,87,188,167,164,96,37,111,119,43,156,10,134,36,23,64,71,163,140,30,58,7,141,6,108,14,26,147,21,125,144,185,192,112,98,137,53,183,85]
95 [78,56,150,185,139,118,55,179,156,125,186,200,13,39,189,116,60,155,124,49,145,79,177,45,58,107,52,48,32,28,34,127,26]
96 [150,199,143,70,156,74,10,13,137,101,45,61,149,129,159,171,85,184,7,5,14,104,168,196,167,185,76,4,25,34,11,16,49,32,117,158,155,128,9,38,56,135,109,182,172,92,36,27,111,100,107,93,192,73,191,197,179,178]
97 [3,123,29,120,149,109,5,15,199,159,65,188,156,76,86,191,66,141,139,32,4,49,22,72,13,102,14,98,147,73,62,54,126,18,172,57,75,68,48,167,27,95,38,74,71,192,108,79,129,19,77,152]
98 [42,71,41,78,30,198,137,21,77,165,183,43,83,184,96,176,199,138,95,45,47,187,144,24,67,181,89,161,35,127,119,15,100,160,27,170,190,163,134,85,9,118,3,122,60,146,107,142,99,196,166,2,23,40,195,162,61,97,154,34,152,159,128,37,13,200,178,7,191,189,16,117,186,173,80,172,112,185,31,76,57,26,49,48,87,81,64,130,153,66,91]
99 [164,36,61,26,10,73,113,60,79,56,144,188,156,146,179,27,140,43,80]
100 [116,52,89,124,82,175,41,121,47,45,109,150,24,118,33,190,80,195,34,162,117,4,140,29,141,104,69,177,138,113,184,133,119,169,75,198,50,166,149,193,42,73,74,112,23,20,180,144,156,51,83,70,67,158,90,152,19,164,139,171,21,54,35,136,174,53,13,179,183,18,182,46,2,131,137,97,28,147,27,38,59,160,56,155,22,199,188,114,129,7,31,159,3,168,25]
101 [69,188,122,180,31]
102 [116,168,179,109,65,160,77,180,71,35,150,40,9,190,73,122,81,186,54,108,129,57,75,3,47,188,161,29,130,149,192,12,50,151,62,123,91,4,101,195,83,136,198,154,72,28]
103 [3,166,64,15,96,155,36,160,81,63,141,135,113,148,149,137,10,35,71,97,146,197,115,156,150,42,153,37,185,87,195,159,177,109,165,86,75,62,5,94,104,131,187,100,27,14,139,101,44,163,29,98,191,119,70,40,31,72,180,171,158]
104 [155,192,32,109,150,23,58,78,56,52,164,198,48,173,53,142,172,137,160,108,195,182,127,148,42,167,64,41,168,28,98,76,68,136,18,193,197,158,147,171,199,188,87,27,14,165,71,6,89,153,113,140,105,103,174,29]
105 [33,97,40,82,21,172,65,98,88,135,39,190,3,80,127,155,13]
106 [17,89,121,104,164,184,198,4,6,23,147,139,99,25]
107 [130,79,55,19,105,7,31,174,11,88,145,200,10,46,98,95,166,144,119,193,21,23,86,172,110,85,147,64,33,183,47,184,72,101,127,135,185,192,117,54,63,179,150,167,37,58,114,109,17,116,102,76,122,143,111,57,96,20,120,81,2,178,45,6,66,164,34,35,128,74,158,41,69,153,25,16,50,165,94,155,124,75,62,38,36,24,157,141,169,14,198,70,125,68,5,48]
108 [119,53,135,87,148,171,136,11,142,177,111,42,167,14,185,85,23,141,161,30,93,21,90,137]
109 [98,145,171,68,117,155,192,24,27,133,38,7,84,178,129,99,28,138,157,179,56]
110 [141,186,74,200,24,13,6,28,97]
111 [41,94,195,20,90,22,61,196,45,116,158,64,33,192,65,187,3,144,137,77,150,118,50,153,19,21,84,85,147,110,52,109,166,69,175,188,186,53,125,162,139,143,74,170,46,178,86,40,15,177,100,127,171,16,17,49,27,92,76,164,9,80,200,159,113,25,38,93,122,130,95,7,14,107,183,32,66,48,71,189,126,115,119,174,63,124,165]
112 [116,27,43,60,103,196,23,37,190,39,61,77,143,139,10,73,93,49,187,122,136,145]
113 [149,4,44,196]
114 [135,129,11,125,16,37,105,122,107,51,112,55,82,22,152,119,141,76,108,100,121,110,78,60,42,35,128,104,185,124,29,19,184,21,2,50,167,189,62,176,157,149,145,172,38,17,70,151,98,18,101,46,109,6,57,32,171,178,92,43,10,118,140,180,30,93,54,137,26]
115 [130,44,14,22,116,160,131,102,33,52,87,89,169,108,153,35,144,56,24,174,17,58,20,147,139,137,47,105,111,196,59,19,129,9,34,168,101,142,189,197,126,25,172,92,65,21]
116 [73,142,121,56,137,170,124,159,106,182,155,47,169,26,63,117,189,108,39,62,129,18,87,111,122,157,59,3,71,54,13,88,184,164,154,199,193,12,22,45,89,57,107,196,66,136,92,7,14,101,150,181]
117 [157,115,36,170,18,73,163,17,133,175,42,144,50,25,143,91,167,87,8,10]
118 [60,140,144,74,123,195,188,184,162,168,163,126,152,137,113,197,67,56,154,2,18,23,181,167,12,21,135,22,177,7,106,65,66,16,178,121,148,59,84,114,161,3,115,38,69,146,8,190,155,171,46,191,34,47,128,90,108,107,120,116,133,200,143,158,110,182,117]
119 [27,40,83,6,161,183,144,166,33,184,104,178,155,79,64,132,94,123,51,103,160,145,2,133,50,35,150,118,3,138,152,74,167,186,45,112,31,26,97,14,140,163,106,44,125,198,96,24,195,154,126,173,93,95,58,88,89,197,117,193,164,141,185,124,71]
120 [14,185,161,94,184,18,33,27,12,166,98,21,179,200,61,150,65,174,4,139,51,34,111,35,23,190,140,66,101,81,107,82,97,52,22,92,106,192,19,90,40,78,180,144,54,37,124,129,137,58,67,141,15,41,42,199,43,181,156,46,169,197,70,102,145,182,29,177,146,126,134]
121 [97,14,157,164,45,193,136,141,112,117,84,86,66,94,85,173,81,131,98,183,36,19,110,185,43,133,49,137,79,48,108,129,166,32,4,28,39,200,13,7,56,116,140,127,142,96,197,46,67,64,152,8,29,162,16,15,155,88,18,196,181,37,190,102,171,191,128,87,111,130,38,146,60,69,167,17,145,31,80,9,199,73,107,61,20,150,26,47,160,163,198,177,105,53]
122 [11,130,99,17,110,31,195,199,103,61,157,44,168,46,64,58,2]
123 [86,13,189,61,103,110,107,188,195,138,122,183,139,120,160,128,190,163,96,92,81,133,63,68,106,39,134,175,113,35,196,121,10,24,99,47,29,34,12,192,126,82,66,46,101,152,104,80,25,3,161]
124 [189,21,128,171,176,51,6,25,195,81,18,184,77,27,136,138,110,104,12,167,137,20,155,101,69,134,59,72,114,198]
125 [165,170,160,13,80,43,10,199,137,24,106,64,12,136,108,62,81,169,197]
126 [175,81,110,85,28,30,3,155,138,188,165,194,182,132,161,150,118,192,47,178,107,145,34,187,80,105,102,87,160,142,139,53,125,123,128,21,17,54,131,180,19,172,101,16,29,106,39,37,84,136,109,20,25,32,55,189,130,186,62,154,65,38,56,195]
127 [185,125,72,192,191,41,59,139,67,199,29,17,91,25,159,176,175,57,150,49,51,87,171,149,31,128,182,141,172,165,35,99,153,4,70,18,166,12,103,11,83,95,15,97,102,152,60,147,63,135,200,24,186,56,64,42,178,28,188,27,39,114,146,96,54,78,92,66,22,162,50,122,61,36,9,81,80,37,75,144,170,44,53,69]
128 [85,100,136,149,172,121,69,29,84,87,120,123,156,197]
129 [54,117,162,156,159,111,154,98,177,101,78,51,64,99,198,85,50,94,31,114,56,107,17,121,130,88,118,80,110,53,86,87,77,100,167,199,171,190,41,57,133,142,30,197,149,29,139,9,147,36]
130 [25,120,185,18,192,167,69,126,85,79,179,186,100,107,155,138,68,199,61,110,28,172,27,175,106,78,6,104,65,158,94,168,176,121,54,39,14,119,17,150,15,131,91,178,125,35,117,164,53,190,195,114,29,109,70,51,145,174]
131 [177,189,180,178,170,199,66,197,104,56,106,99,145,9,24,167,19,132,179,128,172,30,59,54,108,110,158,184,36,154,139,71,2,88,5,13,47,83,105,148,141,112,160,89,87,102,117,15,168,186,174,125,12,55,42,169,79,96,134,57,120,49,37,124,173,94,119,70,80,44,23,150,39,46,92,75,32,100,16,142,146,198,82,50,121,86,187,165,193,8,118,133,64,60,65,194,85,181,63]
132 [47,78,12,190,131,174,70,11,24,125,56,128,19,126,22,136,50,67,179,158,51,5,151]
133 [69,15,17,6,49,72,96,125,159,104,164,78,36,137,51,176,16,136,183,174,111,170,13,152,199,119,47,60,149,65,151,22,195,177,55,138,179,32,160,171,197,144,91,25,21,102,10,58,145,34,192,37,40,8,186,180,127,2,190,178,52,99,90,33,162,131,110,123,100,85,141,63,67,184,9,30,107,75,156,29,165,61,194,198,89,44,120,28,27,124,172,86]
134 [69,173,128,183,17,192,76,175,86,13,12,114,150,54,106,99,74,130,127,47,37,72,6,158,77,184,166,57,23,117,143,101,53,67,61,186,169,126,116,63,34,182,154,88,112,90,56,64,113,152,132,22,8,122,120,59,167,137,139,87,125,79,7,29,110,2,70,176,107,16,161,159,164,91,9,198,188,41,85,181,51,115,185,190,82,160,27,96,104,20,189,162,39,10,123,32,48,40,30,146]
135 [105,155,169,177,36,145,197,59,191,156,61,150,137,49,39,45,86,111,67,52,71,83]
136 [183,19,67,48,121,165,81,25,51,157,69,173,182,96,41,8,54,124]
137 [117,45,11,149,51,30,145,191,147,143,163,83,19,16,3,174,197,187,161,37,28,62,108,2,179,24,39,34,175,12,56,58,156,138,26]
138 [52,139,36,124,85,48,108,163,26,187,81,179,166,134,188,56,169,176,14,32,39,91,149,190,17,115,58,148,181,122,9,152,20,78,71,72,5,34,41,160,53,80,174,6,84,90,161,54,170,79,70,158,119,132,185,110,31,127,106,44,10,189,30,200,68,46,141,104,94,50,168,77]
139 [110,82,181,119,33,137,81,28,14,29,167,193,113,186,147,11,190,136,106,18,116,85,176]
140 [168,164,196,111,200]
141 [130,42,85,173,76,20,120,3,98,172,57,79,191,83,133,136,103,39,48,71,182,180,33,23,167,152,27,192,4,43]
142 [148,189,80,145,113,62,37,109,100,84,167,110,78,175,156,191,64,76,111,155,194,129]
143 [128,133,181,20,36,160,132,136,103,77,197,187,152,170,43,141,124,84,23,42,47,199,35]
144 [62,141,78,117,181,65,67,170,30,98,191,127,120,200,52,132,26,162,105,10,122,38,37,119,115,193,90,107,118,159,112,135,169,106,93,49,182,156,44,74,21,174,177,131,155,85,91,158,17,178,102,97]
145 [141,154,189,70,28,125,112,116]
146 [191,41,142,4,82,73,166,54,67,59,127,69,124,70,109,68,62,102,110,96,8,3,60,159,43,38,168,44,47,118,143,133,72,141,12,25,65,105,104,147,164,132,183,101,151,112,94,85,122,153,90,180,53,57,145,137,22,162,66,37,40,78,200,158,121,181,81,198,196,169,178,113,36,42,51,21,61,18,152,34,186,107,29,76,48]
147 [124,58,187,3,129,89,130,46,37,123,161,133,153,5,102,179,55,94,80,76,56,143,13,170,16,111,95,194,175,49,172,186,182,17,28,134,45,88,61,109,65,140,157,54,48,29,7,167,193,33,138,191,128,84,107,132,9,100,195,59,92,120,136,18,43,70,144,40,108,135,75,99,156,150,50,126,39,12,10,38,148,93,24,62,14,82,131,113,73,145,198,67,154,125,164,110]
148 [90,125,120,139,155,190,115,65,132,29,195,188,133,57,162,45,84,194,184,185,137,81,37,64,95,49,70,25,36,164,94,198,199,8,117,23,48,143,47,123,158,149,50,104,113,93,200,74,4,40,33,14,80,102,83,121,171,129,19,170,106,10,15,54,172,160,178,39,189,13,41,76,146,156,61,109]
149 [131,16,70,140,39,85,132,7,164,109,12,59,126,94,31,155,58,82,122,72,102,103,117,92,169,188,49,76,136,18,10,101,138,26,154,6,11,48,62,54,2,20,104,29,166,21]
150 [64,6,176,2,125,70,57,104,157]
151 [7,144,84,159,107,189,93,12,100,40,73,15,199,150,198,38,182,116,97,111,138,89,16,161,10,23,51,75,53,30,103,13,91,186,28,60,131,74,165,46,36,172,139,17,120,72,81,129,70,71,137,187,153,157,101,42,178,99,113,94,50,163,197,148,22]
152 [22,103,50,158,192,191,123,193,3,62,94,137,182,122,130,80,18,48,44,147,96,112,69,164,57,41,53,37,49,5,146,168,27,90,19,143,102,92,17,118,31,175,124,154,67,128,52,98,138,100,196,60,135,165,157,155,186,187,111,20,10,174,87,171,97,64,105,38,56,2,4,91,29,95,167,71,144,45,83,34,166,24,86,26,21,199,198]
153 [173,170,113,95,7,17,4,33,89,127,187,176,60,112,41,111,190,22,185,16,43,125,66,117,120,175]
154 [62,16,196,112,10,53,175,152,150,9,38,156,137,194,45,130,98,171,184,41,78,101,121,191,47,25]
155 [174,92,89,143,105,95,144,182,188,10,112,37,84,196,194,138,57,20,99,19,45,90,159,176,77,152,113,67,117,93,185,168,61,94,63,44,53,68,136,64,58,157,151,38,66,49,82,86,179,110,198,137,14,27,146,101,35,9,165,2,85,189,200,96,91,141,29,164,103,140,127,118,171,88,21,148,62,109,169,80,12,36,51,177,54,106,123,139,4,192,52,65,186]
156 [55,101,177,102,150,84,6,133,89,60,104,72,161,108,97,189,18,50,53,159,158,186,120,131,11,30,195,121,124,19,59,199,200,82,73,182,37,191,106,175,13,90,24,178,116,16,100,78,141,152,163,45,27,181,113,129,143,43,123,165,122,77,35,170,86,17,140,51,148,93,157,9,23,71,109,88,76,7,136,12,184,70,36,4,80,65,142,167,164,138,132,79,52,87,162]
157 [84,70,90,49,46,61,98]
158 [179,140,16,11,172,69,187,101,136,180,134,112,120,190,59,66,192,124,195,105,26,62,25,189,46,110,173,88,33,176,102,188,157,167,60,126,65,14,109,53,175,98,90,93,131,123,127,75,108,89,70,15,45,34,114,64,39,3,32,129,30,149,142,17,186,91,94,107,153,71,154,181,164,117,170,162,27,193,40,118,152,95,50,49,2,146,76,194,5,52,83,151]
159 [169,112,31,39,189,63,167,158,151,133,86,28,51,4,78,170,76,94,143,132,41,58,117,120,88,154,138,53,77,33,150,7,19,140,85,179,75,91,34,129,24,68,12,100,35,40,54,146,193,45,137,30,48,181,111,29,25,144,62,171,109,188,71,16,20,43,13,126,192,121,184,56,177,17,163]
160 [147,121,38,183,5,85,29,97,112,114,150,134,68,32,30,175,123,77,94,111,157,108,154,73,100,84,176,19,95,14,139,40,106,137,196,189,78,25,186]
161 [142,132,137,55,96,33,45,6,166,37,92,121,159,26,152,171,17,101,189,87,199,127,86,56,47,16,58,66,175,28,176,156,53,162,7,103,8,108,48,138,100,4,154,102,135,160,2,95,130,62,184,157,10,107]
162 [133,157,121,67,34,102,170,64,91,24,100,146,49,116,58,128,197,31,178,78,172,154,156,101,131,195,199,99,194,6,147,168,196,42,167,136,189,155,87,138,123,40,47,200,7,69,51,29,114,129,2,71,134,107,86,94,55,182,81,179,12,109,80,36,187,93,89,35,144,82,19,13,8,104,72,41,160,112,65,158,108,53,56,126,43,176,181,90,28,44,83,124,161,62]
163 [55,26,123,153,77,172,151,139,87,138,146,46,35,80,68,21,2,51,112,101,158,194,7,187,129,70,160,53,198,74,191,50,142,43,165,136,8,125,124,147,41,29,69,180,174,39,19,177,152,162,166,88,44,154,11,32,185,135,168,27,57,130,169,95,109,157,181,65,189,134,148,31,200,52,83]
164 [31,90,22,140,197]
165 [37,26,171,115,131,147,65,84,166,159,69,94,98,149,181,110,180,3,44,68,53,80,33,172,152,162,132,117,79,55,127,102,12,103,49,118,196,85,107,164,87,10,67,144,141,122,183,46,191,106,36,197,155,179,9,96,20,19,78,130,63,185,104,135,182,38,74,4,16,28,17,157,160,25,178,60,142,42,128,187]
166 [14,169,122,11,179,48,35,188,184,200,108,22,151,83,194,40,49,125,54,91,121,23,88,144,193,69,67,140,115,28,53,73,45,154,2,196,145,161,124,128,37,15,52,148,132,104,168,51,89,9,174,19,30,117,177,85,114,107,4,173,90,129,21,62,8,198,81,110,182,130,113,180]
167 [81,181,49,59,91,16,98,36,102,105,113,64,43,111,3,82,46,143,159,50,122,85,198,80,47,133,18,15,161,8,160,164,61,156,22,121,28,177,93,20,139,65,19,184,187,114,30,192,107,84,5,128,99,180,165,124,62,68,45,100,38,9,42,183,69,55,6,44,63,152,51,147,148,52,88,2,117,12,144,166,142,120,108,74,41,194,157,138,67,175,200,136,21,58]
168 [58,74,86,98,182,33,27,105,56,97,79,23,99,194,42,101,109,166,11,55,159,190,34,39,149,117,88,85,140,115,145,170,151,18,89,92,153,147,189,139,106,128,162,84]
169 [162,93,9,104,115,16,59,101,4,35]
170 [151,24,173,159,90,126,162,181,36,142,85,14,121,191,75,163,61,4,71,34,51,94,73,91,89,16,101,21,74,189,177,7,113,187,79,150,28,83,11,20,160,147,116,9,114,52,188,199,48,179,18,38,183,47,26,46,167,184,117,96,27,82,152,153,92,148,136,56,122,198,149,164,32,17,139,157,43,59,169,23,45,165,195,171,106,103,12,109,192,112,110,161]
171 [8,77,14,182,103,48,41,157,111,61,133,31,107,27,173,39,109,9,114,166,122,58,112,138,7,3,26,85,120,104,81,75,185,59,56,163,119,165,110,142,140,164,190,102,137,193,29,72,130,100,52,78,168,184,67,84,11,2,186,19,55,149,53,25,198,82,91,28,42,64]
172 [117,89,175,106,147,159,102,110,12,17,157,125,80,87,179,165,22,7,193,43,130,32,142,25,166,39,92,40]
173 [67,74,51,152,144,123,93,166]
174 [151,132,189,180,191,69,123,11,104,156,61,51,45,169,23,88,175,99,173,77,47,55,194,21,161,15,49,102,184,129,170,144,147,44,34,42]
175 [67,38,150,40,82,56,31,78,14,171,180,72,95,151,24,16,119,200,83,181,41,178,141,59,134,64,156,131,185,130,135,19,149,17,27,158,139,160,155,136,172,123,51,62,8,58,104,169,161,76,154,93,60,91,159,133,98,37,186,80,190,137,105,187,113,54,13,132,106,20,81,168,162,89,9,126,46,101,164,138,143]
176 [166,45,109,34,89,121,20,159,92,37,134,148,170,146,47,42,3,137,72,64,113,67,197,16,58,104,187,164,188,46,110,147,61,88,29,21,96,151,184,19,181,53,180,84,179,94,41,168,43,144,142,74,80,112,79,172,189,196,57,68,160,141]
177 [56,31,183,102]
178 [48,99,60,194,128,87,193,26,197,8,65]
179 [102,153,64,24,176,31,70,107,73,127,108,138,141,96,168,74,66,105,134,149,159,163,175,51,61,87,25,182,28,14,111,115,6,23,132,145,155,99,142,63,62,104,161,136,9,86,12,139,90,156,89,191,148]
180 [134,100,136,6,121,101,113,118,132,10,96]
181 [166,61,173,38,142,86,19,27,82,14,140,187,80,111,131,89,100,44,6,143,191,71,72,122,174,176,49,152,96,57,190,13,69,2,175,178,29,11,125,196,106,108,9,93,98,39,26,137,68,37,52,155,165,64,148,128,67,150,141,60,113,59,46,164,104]
182 [141,145,155,15,23,175,168,123,16,46,167,169,132,21,180,12,29,186,184,121,143,38,87,99,35,106,162,115,24,110,112,113,63,91,158,36,68,161,142,31,41,199,130,56,151,69,17,9,60,5,118,152,192,140,83,77,33,27,26,7,160,103,188,53,74,119,109,154,81,102,138,89,42,133,183,164,13,6,86,100,165,70,185,198]
183 [30,29,88,198,124,110,177,21,151,90,46,24,129,195]
184 [77,145,188,148,14,166,142,15,12,200,176,50,60,171,192,129,175,180,94,152,20,71,139,23,125,187,138,73,121,195,43,10,112,30,61,135,42,102,6,49,193,5,147,114,149,164,105,177,186]
185 [191,168,151,26]
186 [65,35,30,31,128,167,86,145,48,74,61,150,129,81,3,100,138,58,141,146,102,69,55,104,195,49,40,197,147,41,23,101,97,140,88,59,163,126,87,94,67,11,47,60,92,105,137,191,162,13,44,114,119,79,182,124,196,139,111,66,183,116,95,118,62,14,192,83,2,151,19,148,21,76,194,193,170]
187 [105,118,39,119,60,10,71,98,179,148,99,192,138,123,47,173,17,65,46,5,82,196,155,37,157,133,142,51,125,67,44,153,2,164,27,43,70,117,126,135,199,26,178,171,115,6,48,95,52,182,63,50,166,124,30]
188 [99,97,110,195,60,182,118,75,106,35]
189 [53,112,93,114,175,180,198,29,96,64,120,133,36,181,168,190,22,195,48,16,111,157,99,123,147,144,20,43,98,199,108,155,33,90,72,11,139,69,173,142,119,87,41,10,8,182,194,26,128,32,166,18,75,6,113,82,169,34]
190 [55,199,135,62,155,125,77,23,31,81,138,123,116,158,92,198,13,7]
191 [158,155,108,103,114,121,74,190,198,69,33,39,181,57,200,102,149,11,24,142,138,25,96,84,169,14,90,105,76,180,170,129,12,118,172,5,4,133,3,48,81,8,145,144,75,124,193,88,62,37,126,137,115,175,46]
192 [195,117,63,143,158,3]
193 [182,167,12,102,151,173,161,165,77,190,4,138,37,14,40,85,43,52,187,117,73,189,11,143,74,93,51,96,6,133,145,200,89,184,23,122,132,55,140,75,124,57,29,8,191,119,158,36,155,47,19,135,66,128,90,88,106,30,62,196,116,107,104,168,157,99,33,172,149,118,194,136,38,139,64,137,126,10,195,160,186,176,97,94,115,79,80]
194 [36,134,142,135,102,78,109,162,106,154,176,49,159]
195 [185,181,198,200,65,87,101,82,167,37,14,10,12,27,54,56,36,60,97,126,151,52,9,48,91,89,179]
196 [3]
197 [173,80,177,150,130,145,83,50]
198 [179,122,190,101,73,129,153,90,174,41,135,81,191,121,186,193,70,183,16,125,86,27,200,75,96,177,31,35,84,167,48,26,117,162,130,111,91,6,107,92,9,97,151,119,5,133,100,134,94,45]
199 [195,122,29,128,174,150,123,8,109,121,41,20,86,58,47,97,111,176,162,38,14,112,23,51,116,172,182,183,93,140,149,60,106,92,175,78,75,158,5,11,50,127,148,61,76,119,159,15,18,200,110,89,129,160,157,3,165,19,181,191,71,134,164,63,107,83,179]
200 [132,33,23,155,44,185,26,81,35,199,125,131,186,93,144,148,113,32,107,156,41,192,69,57,157,114,19,64,121,14,65,17,95,38,151,92,46,103,54,110,5,146,63,4,16,62,166,11,115,66,164,74,104,196,102,100,39,86,73,24,141,142,158,40,171,150,180,51,130,87,58,96,139,68,79,53]
