0.132557
0.0755734
0.0305885
0.213327
0.128882
0.0927381
0.0292975
0.0284157
0.138785
0.0456077
0.0115226
0.0517624
0.00933575
0.0100224
0.0183124
0.0496675
0.0106049
0.13535
0.0113727
0.0164967
0.00910819
0.0166403
0.0173316
0.00602261
0.0288818
0.0452824
0.127071
0.0161555
0.0275297
0.010927
0.0453466
0.00946186
0.131185
0.203892
0.0265482
0.0191417
0.0188971
0.126127
0.00553588
0.0267506
0.139622
0.0110043
0.051871
0.0175669
0.0234327
0.0517136
0.0465159
0.125636
0.0276737
0.0470613
0.0259722
0.0103381
0.0443381
0.139488
0.0109458
0.205638
0.117335
0.162907
0.060591
0.0680879
0.13814
0.0836299
0.00914591
0.0247534
0.0111073
0.0307741
0.0105136
0.0308096
0.049314
0.00944896
0.138496
0.0306464
0.0483361
0.0176876
0.207477
0.121475
0.0474656
0.0283463
0.0110979
0.0659339
0.0690443
0.0180218
0.00984004
0.0112106
0.0118022
0.0779133
0.00602674
0.0101736
0.0178268
0.0167491
0.0684699
0.0247538
0.00998761
0.133561
0.0787385
0.0507239
0.0168259
0.00626571
0.0500786
0.010707
0.0104679
0.0297696
0.0173995
0.0113141
0.00598272
0.0263253
0.192897
0.0725051
0.027586
0.027485
0.115978
0.151115
0.0466218
0.0277955
0.00708913
0.00572459
0.0239464
0.0268864
0.126055
0.0664484
0.026505
0.0434599
0.0451895
0.00608849
0.0281916
0.0160467
0.0151264
0.0169724
0.0290536
0.0434522
0.0260643
0.0692562
0.0484914
0.00572911
0.0082212
0.0155004
0.0158712
0.00581258
0.0157611
0.0099667
0.0165283
0.12432
0.0766196
0.0262578
0.0453632
0.0437238
0.00870387
0.0163269
0.00649665
0.0284996
0.0150083
0.0354173
0.0131043
0.0390223
0.0578126
0.00883117
0.00782374
0.00935396
0.0232735
0.0224676
0.00754216
0.0447597
0.00562452
0.0225491
0.00594087
0.00613814
0.00568139
0.0248168
0.0157352
0.008351
0.130876
0.0448542
0.0307689
0.0104878
0.00898431
0.0924134
0.00922988
0.130303
0.12731
0.0163609
0.0244707
0.01639
0.00589197
0.0056134
0.0167483
0.013426
0.00638627
0.00970481
0.0429538
0.187033
0.0348451
0.0148586
0.0134725
0.066905
0.00913745
0.00900319
0.242439
0.023604
0.0235619
0.0680528
0.0685963
0.0285546
0.0220857
0.0314172
0.00890186
0.129049
0.0744709
0.00928426
0.0166957
0.00928099
0.0173997
0.00655352
0.0118931
0.0171368
0.0108791
0.0170793
0.00926109
0.144651
0.0494437
0.0310425
0.0110866
0.0486991
0.0198977
0.00682289
0.0109735
0.0311499
0.136613
0.0173927
0.0489912
0.0113925
0.0399858
0.03002
0.0117335
0.0305288
0.0367952
0.0118066
0.0103503
0.207329
0.132289
0.0327697
0.080703
0.0765132
0.130647
0.0476346
0.130585
0.00965195
0.0505293
0.0269195
0.0278144
0.0473533
0.137513
0.0166491
0.073849
0.0471363
0.0107172
0.0180393
0.00980222
0.0311651
0.00964568
0.130069
0.00608217
0.131662
0.0259978
0.045223
0.0298783
0.0455521
0.0451797
0.0089402
0.0103433
0.0248416
0.0706753
0.0170809
0.0438324
0.0118521
0.00640246
0.00955086
0.0177982
0.124506
0.0452204
0.00981383
0.00916032
0.00609395
0.0459458
0.0190764
0.00962211
0.0841457
0.048664
0.0184915
0.00635123
0.0744025
0.0153427
0.0156252
0.0172189
0.0475212
0.0107909
0.0460672
0.00878459
0.00668861
0.0168173
0.0171983
0.0751343
0.209386
0.124183
0.0726513
0.00658278
0.00662367
0.00575081
0.00604174
0.00600945
0.0170508
0.135695
0.00588181
0.0196613
0.0286104
0.0742474
0.00849813
0.0168903
0.0108559
0.0246055
0.0157349
0.0506261
0.0107812
0.0122685
0.0175825
0.016034
0.0172245
0.0102016
0.074348
0.0152845
0.049807
0.00879426
0.0522931
0.00976294
0.0450706
0.00976406
0.00945276
0.0649995
0.0248307
0.00673377
0.0167201
0.0173545
0.0279169
0.0179892
0.0182794
0.133781
0.0513229
0.0481842
0.0117047
0.0157942
0.0169436
0.0252308
0.0177316
0.0103375
0.0468073
0.207501
0.0302123
0.0505199
0.0183657
0.0313545
0.0279902
0.0288818
0.130234
0.0265836
0.0439059
0.0154942
0.0511697
0.00978499
0.0270293
0.127559
0.0184319
0.0106849
0.049717
0.0183337
0.00629466
0.0107836
0.0511849
0.0271218
0.0161033
0.0181134
0.0758396
0.0461242
0.0501781
0.00638254
0.128679
0.0479894
0.0100238
0.00572427
0.0183762
0.0641968
0.00993675
0.141645
0.0507531
0.0520042
0.0181559
0.00639366
0.00624922
0.031431
0.0501089
0.0100437
0.00628797
0.212392
0.195508
0.421042
0.0261342
0.0255279
0.118565
0.126408
0.0436205
0.0474411
0.00576821
0.016812
0.0178483
0.0483813
0.00889205
0.128077
0.00680328
0.0485714
0.0266566
0.0265398
0.0158621
0.0236415
0.00589021
0.0494854
0.0556384
0.0678722
0.06782
0.0141039
0.128326
0.0251979
0.0145443
0.0248437
0.0160844
0.0437629
0.00901768
0.00908041
0.00885117
0.0171543
0.121827
0.0445453
0.00979547
0.0427538
0.0154577
0.0247852
0.0659528
0.00802675
0.130223
0.00920835
0.0116665
0.0493242
0.0281385
0.0176479
0.00590061
0.017223
0.0107639
0.0173609
0.00697399
0.0174894
0.046751
0.0187254
0.0284808
0.0265389
0.0801071
0.0212287
0.0158669